labels 0 1 2
0 0.552368 0.407324 0.0403075
0 0.625937 0.30466 0.0694032
0 0.594555 0.335434 0.0700103
0 0.612677 0.317669 0.0696547
0 0.908964 0.0350934 0.0559427
0 0.61696 0.317921 0.0651192
0 0.613686 0.328903 0.0574115
0 0.793624 0.155883 0.0504931
0 0.885044 0.0553465 0.0596094
0 0.742128 0.216848 0.0410243
1 0.162167 0.78883 0.0490034
0 0.897851 0.0861702 0.0159788
0 0.880196 0.100673 0.0191306
0 0.866272 0.114016 0.0197118
0 0.577948 0.392016 0.0300357
1 0.377813 0.457727 0.16446
1 0.362813 0.474145 0.163042
1 0.286028 0.589318 0.124654
1 0.271265 0.604586 0.12415
1 0.271265 0.604586 0.12415
1 0.286028 0.589318 0.124654
0 0.77821 0.191142 0.030648
0 0.581422 0.325093 0.0934849
0 0.804935 0.173237 0.0218275
0 0.978153 0.0103653 0.0114818
0 0.977562 0.0109281 0.0115102
0 0.979034 0.00952643 0.0114392
0 0.978928 0.0096273 0.0114443
0 0.806164 0.154191 0.0396449
0 0.80849 0.161047 0.0304636
0 0.873223 0.103432 0.0233453
0 0.902385 0.0830895 0.0145259
0 0.961893 0.0236186 0.0144884
0 0.961893 0.0236186 0.0144884
0 0.866649 0.0815541 0.0517969
0 0.867392 0.0808339 0.0517739
0 0.824057 0.14815 0.0277935
0 0.633037 0.326626 0.0403371
0 0.946803 0.0329842 0.0202132
0 0.945029 0.0345899 0.0203806
0 0.943922 0.035593 0.0204852
0 0.74145 0.230137 0.0284134
0 0.878406 0.0942012 0.0273931
0 0.8724 0.113325 0.014275
0 0.832691 0.136389 0.0309202
0 0.867332 0.0898552 0.0428129
0 0.969691 0.0221912 0.00811769
0 0.969433 0.0224341 0.00813275
0 0.966109 0.0255643 0.00832663
0 0.841158 0.121936 0.0369067
0 0.681741 0.265413 0.0528452
0 0.681741 0.265413 0.0528452
0 0.840236 0.137045 0.0227187
0 0.928969 0.0555372 0.0154942
0 0.525361 0.433594 0.0410455
0 0.5598 0.400737 0.0394629
0 0.87469 0.104897 0.0204125
0 0.693319 0.264177 0.042504
1 0.399477 0.559543 0.0409797
0 0.785744 0.194795 0.019461
1 0.308009 0.646136 0.0458551
1 0.358682 0.603324 0.0379931
1 0.358682 0.603324 0.0379931
0 0.741282 0.232144 0.0265733
0 0.538995 0.427123 0.033882
0 0.882569 0.0967659 0.020665
0 0.890035 0.0895434 0.0204212
0 0.877628 0.101545 0.0208265
1 0.423238 0.536469 0.0402938
1 0.0998634 0.851573 0.0485635
1 0.0989532 0.85245 0.0485964
1 0.0998634 0.851573 0.0485635
1 0.418113 0.529103 0.0527839
1 0.41556 0.531601 0.0528387
0 0.685685 0.277271 0.0370443
0 0.833693 0.131958 0.0343495
0 0.843434 0.122649 0.0339168
0 0.845584 0.120866 0.0335505
0 0.845584 0.120866 0.0335505
0 0.880595 0.0942269 0.025178
1 0.335007 0.634448 0.0305443
0 0.478266 0.475846 0.0458877
1 0.177574 0.75798 0.0644462
0 0.589583 0.349344 0.0610737
0 0.636415 0.335078 0.0285069
0 0.831935 0.131972 0.0360934
1 0.414568 0.544405 0.0410274
0 0.743592 0.214765 0.0416429
0 0.813246 0.154512 0.0322422
0 0.76903 0.201131 0.0298391
0 0.713499 0.203215 0.0832855
0 0.931374 0.0333037 0.035322
0 0.913379 0.077537 0.0090841
0 0.927571 0.0640161 0.00841326
1 0.0655901 0.882176 0.0522339
0 0.493048 0.473525 0.0334272
0 0.57732 0.396204 0.0264757
0 0.467705 0.459666 0.0726286
0 0.830067 0.144676 0.0252569
0 0.809613 0.164876 0.0255117
0 0.809613 0.164876 0.0255117
1 0.389678 0.577042 0.033279
0 0.829795 0.146762 0.0234434
0 0.91022 0.0621877 0.0275925
0 0.777165 0.20008 0.0227549
0 0.903047 0.0733414 0.0236115
0 0.863033 0.114949 0.0220187
0 0.879601 0.0985726 0.0218264
0 0.759754 0.203798 0.0364482
0 0.893913 0.0939184 0.0121682
0 0.885972 0.101558 0.0124694
0 0.762259 0.200356 0.0373855
0 0.625073 0.318071 0.0568557
0 0.637385 0.328593 0.0340219
1 0.432386 0.530081 0.0375336
0 0.643732 0.330435 0.0258335
0 0.679931 0.296017 0.0240522
0 0.771166 0.198679 0.0301543
0 0.825322 0.135671 0.0390065
1 0.0381059 0.921182 0.0407124
1 0.0381059 0.921182 0.0407124
1 0.0381059 0.921182 0.0407124
1 0.0381059 0.921182 0.0407124
1 0.0381059 0.921182 0.0407124
0 0.897815 0.0906647 0.0115204
0 0.902462 0.0863049 0.0112329
0 0.909477 0.0797235 0.0107994
0 0.531499 0.436314 0.0321873
0 0.848595 0.140105 0.0113002
0 0.849971 0.138803 0.0112258
0 0.859304 0.129975 0.0107217
0 0.849971 0.138803 0.0112258
0 0.687522 0.268026 0.0444511
0 0.786618 0.184668 0.0287137
0 0.60193 0.344295 0.0537751
0 0.64852 0.29451 0.0569704
0 0.506247 0.459458 0.0342954
0 0.833048 0.145061 0.0218918
